50012699	-5.53477843812
50005947	-5.62679733684
50003449	-5.54582827431
50021312	-5.57972982599
50021311	-5.67619009217
50023580	-5.62679733684
50015115	-5.56830113016
50021096	-5.63891869738
50021924	-5.50234316237
50002800	-5.62679733684
50017095	-5.63891869738
50015458	-5.49176105304
50017493	-5.6148211458
210111	-5.66361130997
50015594	-5.63891869738
50008946	-5.54582827431
50446017	-5.55700157491
50050230	-5.66361130997
50023268	-5.57972982599
50013984	-5.62679733684
50022699	-5.57972982599
50005251	-5.62679733684
50005731	-5.62679733684
50013896	-5.66361130997
50018079	-5.57972982599
50004684	-5.66361130997
50017782	-5.49176105304
50021415	-5.63891869738
50088001	-5.65118878997
251203	-5.62679733684
50015922	-5.62679733684
50005735	-5.52384936759
50021888	-5.63891869738
50013314	-5.55700157491
50008436	-5.62679733684
50017486	-5.56830113016
121484012	-5.65118878997
50015125	-5.67619009217
50018608	-5.6148211458
50006988	-5.52384936759
50015128	-5.62679733684
50019618	-5.63891869738
50015887	-5.51303845149
50008824	-5.67619009217
50012437	-5.53477843812
50003760	-5.57972982599
150708	-5.59129064839
50002535	-5.6148211458
121478032	-5.54582827431
50004775	-5.52384936759
50004774	-5.50234316237
50017405	-5.57972982599
50009524	-5.49176105304
50022008	-5.50234316237
50010022	-5.51303845149
50018764	-5.54582827431
50012660	-5.66361130997
50458017	-5.50234316237
50017316	-5.57972982599
50012989	-5.52384936759
121364028	-5.63891869738
50023674	-5.54582827431
50012138	-5.65118878997
50005009	-5.66361130997
50019902	-5.57972982599
50010618	-5.67619009217
50022870	-5.62679733684
50021012	-5.51303845149
50010612	-5.59129064839
50011903	-5.56830113016
50010595	-5.49176105304
50013085	-5.52384936759
140701	-5.49176105304
50011457	-5.52384936759
50014080	-5.65118878997
50018617	-5.53477843812
50018182	-5.55700157491
50017138	-5.52384936759
50434002	-5.62679733684
50014948	-5.6148211458
50013960	-5.53477843812
50019594	-5.53477843812
50050480	-5.66361130997
50016726	-5.50234316237
50004433	-5.67619009217
50020959	-5.57972982599
50017238	-5.54582827431
50001717	-5.54582827431
50005946	-5.53477843812
50014240	-5.67619009217
50021040	-5.52384936759
121468039	-5.60298668815
230103	-5.50234316237
50016605	-5.66361130997
50015434	-5.56830113016
290601	-5.57972982599
50021309	-5.6148211458
50456009	-5.62679733684
50598006	-5.56830113016
50016643	-5.51303845149
50021302	-5.57972982599
50020553	-5.6148211458
50018762	-5.54582827431
50020106	-5.60298668815
50008048	-5.57972982599
50002832	-5.65118878997
50011158	-5.52384936759
50021208	-5.66361130997
50016446	-5.57972982599
50022301	-5.59129064839
50021619	-5.63891869738
50017632	-5.66361130997
50008045	-5.66361130997
50013343	-5.62679733684
50016682	-5.54582827431
121390004	-5.62679733684
50012351	-5.59129064839
50008759	-5.66361130997
50018827	-5.67619009217
50012453	-5.51303845149
50005759	-5.6148211458
50068003	-5.53477843812
50004390	-5.62679733684
121458019	-5.57972982599
121410014	-5.57972982599
333114	-5.57972982599
50017466	-5.57972982599
50013438	-5.63891869738
333111	-5.60298668815
50018752	-5.62679733684
121460031	-5.62679733684
50448019	-5.52384936759
211711	-5.57972982599
50023619	-5.6148211458
50017390	-5.65118878997
261205	-5.67619009217
50024681	-5.55700157491
50004798	-5.50234316237
50023149	-5.57972982599
50019234	-5.50234316237
121368037	-5.53477843812
50021746	-5.65118878997
50019700	-5.67619009217
50022310	-5.53477843812
50013818	-5.55700157491
50015494	-5.55700157491
50006222	-5.49176105304
50012143	-5.53477843812
50022416	-5.54582827431
50012657	-5.67619009217
50012508	-5.62679733684
50016749	-5.65118878997
50019037	-5.62679733684
50017529	-5.51303845149
50012068	-5.57972982599
50014791	-5.62679733684
350712	-5.66361130997
50016193	-5.57972982599
50017906	-5.6148211458
50016714	-5.49176105304
50003332	-5.57972982599
50022800	-5.49176105304
50007122	-5.6148211458
50005030	-5.65118878997
50450004	-5.52384936759
50010715	-5.57972982599
50012411	-5.55700157491
211702	-5.49176105304
50001866	-5.62679733684
50020609	-5.53477843812
50003935	-5.57972982599
50002131	-5.60298668815
50012940	-5.52384936759
50018881	-5.65118878997
50014911	-5.67619009217
50004776	-5.65118878997
50011907	-5.6148211458
121414043	-5.55700157491
50020903	-5.60298668815
50014563	-5.6148211458
50014562	-5.54582827431
50000082	-5.51303845149
50010625	-5.57972982599
50015563	-5.50234316237
50023120	-5.60298668815
50023200	-5.53477843812
50016585	-5.63891869738
50003242	-5.62679733684
50012700	-5.6148211458
121472018	-5.60298668815
121472030	-5.62679733684
50012625	-5.56830113016
50021059	-5.67619009217
50011945	-5.54582827431
50021585	-5.66361130997
121406024	-5.52384936759
50010713	-5.50234316237
50020460	-5.51303845149
50015948	-5.50234316237
50017072	-5.57972982599
50017070	-5.59129064839
121406004	-5.55700157491
50001945	-5.51303845149
50005961	-5.52384936759
50012836	-5.6148211458
50006014	-5.55700157491
50492005	-5.67619009217
50006012	-5.49176105304
50006010	-5.53477843812
50024139	-5.50234316237
50008700	-5.62679733684
50012733	-5.53477843812
50002252	-5.56830113016
50007078	-5.6148211458
50001813	-5.55700157491
50018790	-5.51303845149
50000347	-5.52384936759
50021825	-5.62679733684
50021537	-5.57972982599
50011891	-5.62679733684
50015985	-5.65118878997
50003764	-5.57972982599
50024811	-5.55700157491
50009826	-5.54582827431
50013370	-5.60298668815
50009824	-5.52384936759
50014802	-5.53477843812
50011337	-5.53477843812
50018400	-5.55700157491
50012481	-5.6148211458
50448022	-5.57972982599
121476014	-5.55700157491
50020592	-5.53477843812
50002893	-5.60298668815
50022227	-5.66361130997
50020843	-5.53477843812
50012847	-5.67619009217
50018418	-5.65118878997
50020028	-5.50234316237
50016647	-5.6148211458
50016644	-5.49176105304
50017307	-5.66361130997
50021932	-5.6148211458
50013824	-5.57972982599
50012725	-5.6148211458
50090002	-5.50234316237
50022506	-5.54582827431
50023269	-5.66361130997
50024779	-5.66361130997
50004817	-5.50234316237
50018946	-5.52384936759
50020996	-5.6148211458
50012097	-5.56830113016
50012608	-5.67619009217
50021191	-5.51303845149
50050260	-5.52384936759
50016847	-5.56830113016
50013349	-5.54582827431
50006484	-5.63891869738
50006487	-5.53477843812
50050539	-5.57972982599
50022860	-5.62679733684
50004638	-5.67619009217
290902	-5.62679733684
50005264	-5.65118878997
50002898	-5.60298668815
